

#################
lambda = 0.5
mu = 0.0
nu = 0.0
execute = 50

[988.38, 976.91, 994.848, 995.007, 988.093, 983.383, 983.957, 982.297, 987.905, 976.572, 987.705, 975.068, 1009.668, 988.378, 994.399, 977.052, 978.386, 984.73, 975.068, 975.068, 1012.052, 986.053, 991.094, 1008.644, 957.03, 998.056, 994.514, 979.889, 988.093, 994.601, 978.386, 1009.668, 983.811, 991.247, 988.378, 982.843, 995.204, 978.894, 993.594, 975.068, 984.283, 988.378, 998.435, 975.068, 1009.96, 986.094, 982.297, 985.457, 993.806, 978.67]

det = 982
mean = 987.449
min = 957.03

[[0, 15, 30, 11, 10, 26], [0, 27, 32, 35, 25], [0, 7, 16, 24, 29, 36], [0, 13, 19, 31, 34, 17, 18], [0, 4, 12, 22, 23, 28, 2, 21, 9, 33], [0, 14, 20, 1, 3, 5, 8, 6]]


#################
lambda = 0.5
mu = 0.0
nu = 0.30000000000000004
execute = 50

[983.845, 975.068, 990.774, 977.052, 983.957, 979.075, 976.319, 991.261, 1009.125, 975.068, 1003.729, 979.889, 975.068, 978.386, 987.441, 1000.893, 988.378, 975.068, 985.985, 971.777, 983.337, 983.337, 975.068, 1009.668, 997.367, 986.246, 975.068, 990.283, 979.758, 1012.008, 991.964, 984.879, 977.899, 978.386, 978.386, 971.112, 976.948, 978.386, 1002.252, 979.758, 984.021, 996.152, 990.774, 979.889, 1001.878, 984.974, 988.093, 990.219, 994.645, 975.068]

mean = 985.72
min = 971.112

[[0, 27, 32, 35, 25], [0, 36, 29, 24, 16, 7], [0, 15, 30, 11, 10, 26], [0, 17, 34, 31, 19, 13], [0, 12, 22, 23, 28, 2, 21, 9, 33], [0, 4, 18, 20, 1, 3, 5, 8, 6, 14]]


#################
lambda = 0.5
mu = 0.0
nu = 0.6000000000000001
execute = 50

[1030.768, 992.218, 1070.412, 1060.377, 1069.609, 1046.093, 1070.412, 1070.412, 1049.988, 1049.988, 1070.412, 1042.846, 1005.956, 997.504, 990.761, 1006.637, 1053.861, 1049.988, 1003.301, 1062.963, 1049.988, 1070.412, 979.31, 1070.412, 1035.219, 1030.946, 1070.412, 1008.269, 1040.202, 1055.43, 1001.697, 1049.988, 1034.705, 1070.412, 995.324, 1070.412, 1018.17, 1070.412, 1020.636, 1070.412, 1067.387, 1070.412, 1049.988, 1013.019, 1070.412, 997.563, 1004.642, 1036.979, 1052.477, 1064.293]

mean = 1040.689
min = 979.31

[[0, 14, 7, 16, 24, 29, 36], [0, 35, 25, 13], [0, 10, 30, 15, 32, 27], [0, 4, 17, 34, 19, 31, 6], [0, 8, 1, 3, 5, 33, 21, 26], [0, 20, 9, 2, 28, 23, 22, 12, 11, 18]]


#################
lambda = 0.5
mu = 0.0
nu = 0.9
execute = 50

[1001.955, 1079.395, 1031.026, 1079.395, 1072.937, 1024.044, 1008.392, 997.474, 984.56, 1001.941, 1056.93, 1073.698, 1077.382, 1059.327, 1066.315, 1070.352, 1006.383, 1052.311, 1040.593, 1066.315, 1051.848, 1014.127, 968.5, 1035.977, 1079.395, 1037.36, 1073.018, 1064.917, 1060.786, 1003.047, 998.656, 997.301, 1079.395, 989.644, 1003.809, 985.588, 1009.487, 1045.152, 989.442, 1079.395, 1028.451, 1027.346, 1079.395, 990.987, 1041.557, 1079.395, 1054.276, 1071.228, 1062.977, 1053.956]

mean = 1038.143
min = 968.5

[[0, 20, 33, 2, 28, 23, 22, 12, 11, 10], [0, 27, 35, 25, 16], [0, 8, 5, 3, 1, 9, 21, 19], [0, 14, 6, 36, 29, 24], [0, 18, 4, 26, 30, 15, 32], [0, 17, 34, 31, 13, 7]]
