Aretes fixées après apprentissage pour cette exécution
Fixed edges = [[0, 10, 32, 28, 31, 25, 17, 19, 7, 0], [0, 5, 30, 24, 14, 13, 18, 0], [0, 6, 15, 8, 11, 23, 27, 29, 0], [0, 2, 16, 22, 9, 12, 3, 21, 0], [0, 26, 4, 20, 0], [0, 1, 0], [0, 33, 0]]


#################
lambda = 0.1
mu = 0.1
nu = 0.1

init = 873.705
res = 810.963
gap = 4.065

solution = [[0, 19, 17, 25, 31, 28, 32], [0, 18, 2, 9, 12, 3, 22, 16, 33], [0, 5, 30, 24, 27, 1, 29, 7], [0, 20, 4, 26], [0, 21, 13, 10], [0, 23, 11, 8, 15, 6, 14]]


#################
lambda = 0.1
mu = 1.5
nu = 0.1

init = 904.362
res = 803.902
gap = 3.222

solution = [[0, 26, 4, 20], [0, 33, 16, 22, 3, 12, 9, 2, 18], [0, 5, 30, 24, 27, 23, 14], [0, 7, 6, 15, 8, 1, 29], [0, 32, 28, 31, 25, 17, 19, 11], [0, 10, 13, 21]]


#################
lambda = 0.6000000000000001
mu = 1.2000000000000002
nu = 1.7000000000000002

init = 882.104
res = 795.877
gap = 2.246

solution = [[0, 21, 32, 28, 31, 25, 13, 10], [0, 17, 19, 11, 8, 15, 6, 7], [0, 14, 29, 1, 23, 27], [0, 5, 30, 24], [0, 26, 4, 20], [0, 33, 16, 22, 3, 12, 9, 2, 18]]
