Aretes fixées après apprentissage pour cette exécution
Fixed edges = [[0, 35, 37, 34, 0], [0, 19, 25, 0], [0, 31, 1, 23, 20, 29, 15, 38, 0], [0, 10, 32, 22, 3, 7, 16, 5, 0], [0, 8, 11, 0], [0, 27, 36, 6, 0], [0, 28, 13, 30, 0], [0, 2, 24, 0], [0, 4, 0], [0, 9, 0], [0, 12, 0], [0, 14, 0], [0, 17, 0], [0, 18, 0], [0, 21, 0], [0, 26, 0], [0, 33, 0]]
Time = 0.40822672843933105


#################

init = 989.315
res = 837.97
gap = -902.9

solution = [[0, 4, 18, 9, 12, 14], [0, 6, 36, 27, 28, 13, 30, 21], [0, 10, 32, 22, 3, 7, 16, 5], [0, 17, 24, 2, 35, 37, 34, 26], [0, 8, 11, 38, 15, 29, 20, 23, 1, 31, 33, 25, 19]]


#################

init = 989.315
res = 837.97
gap = -902.9

solution = [[0, 10, 32, 22, 3, 7, 16, 5], [0, 26, 34, 37, 35, 2, 24, 17], [0, 14, 12, 9, 18, 4], [0, 6, 36, 27, 28, 13, 30, 21], [0, 8, 11, 38, 15, 29, 20, 23, 1, 31, 33, 25, 19]]


#################

init = 989.315
res = 838.994
gap = -901.676

solution = [[0, 17, 24, 2, 35, 37, 34, 26], [0, 6, 36, 27, 28, 13, 30, 21], [0, 14, 19, 25, 33, 18, 9, 4], [0, 12, 31, 1, 23, 20, 29, 15, 38, 11, 8], [0, 10, 32, 22, 3, 7, 16, 5]]


#################

init = 989.315
res = 847.798
gap = -891.274

solution = [[0, 4, 18, 9, 12, 14], [0, 26, 34, 37, 35, 2, 24, 17], [0, 6, 36, 27, 28, 13, 30, 21], [0, 38, 15, 10, 32, 29, 20, 23, 25, 19], [0, 8, 11, 22, 3, 7, 16, 5, 1, 31, 33]]


#################

init = 989.315
res = 837.97
gap = -902.9

solution = [[0, 10, 32, 22, 3, 7, 16, 5], [0, 6, 36, 27, 28, 13, 30, 21], [0, 14, 12, 9, 18, 4], [0, 17, 24, 2, 35, 37, 34, 26], [0, 8, 11, 38, 15, 29, 20, 23, 1, 31, 33, 25, 19]]


#################

init = 987.075
res = 837.97
gap = -902.9

solution = [[0, 17, 24, 2, 35, 37, 34, 26], [0, 5, 16, 7, 3, 22, 32, 10], [0, 4, 18, 9, 12, 14], [0, 6, 36, 27, 28, 13, 30, 21], [0, 19, 25, 33, 31, 1, 23, 20, 29, 15, 38, 11, 8]]


#################

init = 987.075
res = 831.859
gap = -910.267

solution = [[0, 14, 19, 25, 33, 18, 9, 4], [0, 6, 36, 27, 28, 13, 30, 21], [0, 17, 24, 35, 37, 34, 26, 11, 8], [0, 2, 22, 3, 7, 16, 5, 1], [0, 12, 31, 23, 20, 29, 32, 10, 15, 38]]


#################

init = 987.075
res = 837.652
gap = -903.28

solution = [[0, 4, 9, 12, 14], [0, 6, 36, 27, 28, 13, 30, 21], [0, 19, 25, 23, 20, 29, 5, 15, 38, 18], [0, 17, 24, 2, 35, 37, 34, 26], [0, 8, 11, 10, 32, 22, 3, 7, 16, 1, 31, 33]]


#################

init = 987.075
res = 837.798
gap = -903.105

solution = [[0, 4, 9, 18, 33, 25, 19, 14], [0, 29, 5, 16, 7, 3, 22, 2], [0, 6, 36, 27, 28, 13, 30, 21], [0, 38, 15, 10, 32, 20, 23, 1, 31, 12], [0, 17, 24, 35, 37, 34, 26, 11, 8]]


#################

init = 987.075
res = 837.798
gap = -903.105

solution = [[0, 4, 9, 18, 33, 25, 19, 14], [0, 21, 30, 13, 28, 27, 36, 6], [0, 2, 22, 3, 7, 16, 5, 29], [0, 38, 15, 10, 32, 20, 23, 1, 31, 12], [0, 17, 24, 35, 37, 34, 26, 11, 8]]


#################

init = 973.62
res = 837.97
gap = -902.9

solution = [[0, 21, 30, 13, 28, 27, 36, 6], [0, 26, 34, 37, 35, 2, 24, 17], [0, 4, 18, 9, 12, 14], [0, 8, 11, 38, 15, 29, 20, 23, 1, 31, 33, 25, 19], [0, 10, 32, 22, 3, 7, 16, 5]]


#################

init = 973.62
res = 837.97
gap = -902.9

solution = [[0, 4, 18, 9, 12, 14], [0, 10, 32, 22, 3, 7, 16, 5], [0, 21, 30, 13, 28, 27, 36, 6], [0, 17, 24, 2, 35, 37, 34, 26], [0, 8, 11, 38, 15, 29, 20, 23, 1, 31, 33, 25, 19]]


#################

init = 973.62
res = 837.97
gap = -902.9

solution = [[0, 21, 30, 13, 28, 27, 36, 6], [0, 26, 34, 37, 35, 2, 24, 17], [0, 10, 32, 22, 3, 7, 16, 5], [0, 8, 11, 38, 15, 29, 20, 23, 1, 31, 33, 25, 19], [0, 4, 18, 9, 12, 14]]


#################

init = 973.62
res = 847.798
gap = -891.274

solution = [[0, 26, 34, 37, 35, 2, 24, 17], [0, 4, 18, 9, 12, 14], [0, 21, 30, 13, 28, 27, 36, 6], [0, 8, 11, 22, 3, 7, 16, 5, 1, 31, 33], [0, 19, 25, 23, 20, 29, 32, 10, 15, 38]]


#################

init = 973.62
res = 837.97
gap = -902.9

solution = [[0, 21, 30, 13, 28, 27, 36, 6], [0, 26, 34, 37, 35, 2, 24, 17], [0, 4, 18, 9, 12, 14], [0, 8, 11, 38, 15, 29, 20, 23, 1, 31, 33, 25, 19], [0, 10, 32, 22, 3, 7, 16, 5]]


#################

init = 1080.694
res = 837.97
gap = -902.9

solution = [[0, 10, 32, 22, 3, 7, 16, 5], [0, 4, 18, 9, 12, 14], [0, 21, 30, 13, 28, 27, 36, 6], [0, 17, 24, 2, 35, 37, 34, 26], [0, 19, 25, 33, 31, 1, 23, 20, 29, 15, 38, 11, 8]]


#################

init = 1080.694
res = 833.036
gap = -908.84

solution = [[0, 18, 9, 12, 33, 25, 19, 14], [0, 2, 22, 3, 7, 16, 32, 10], [0, 31, 1, 23, 20, 29, 5, 15, 38, 4], [0, 17, 24, 35, 37, 34, 26, 11, 8], [0, 6, 36, 27, 28, 13, 30, 21]]


#################

init = 1080.694
res = 837.97
gap = -902.9

solution = [[0, 10, 32, 22, 3, 7, 16, 5], [0, 14, 12, 9, 18, 4], [0, 21, 30, 13, 28, 27, 36, 6], [0, 17, 24, 2, 35, 37, 34, 26], [0, 19, 25, 33, 31, 1, 23, 20, 29, 15, 38, 11, 8]]


#################

init = 1080.694
res = 837.97
gap = -902.9

solution = [[0, 4, 18, 9, 12, 14], [0, 17, 24, 2, 35, 37, 34, 26], [0, 6, 36, 27, 28, 13, 30, 21], [0, 10, 32, 22, 3, 7, 16, 5], [0, 19, 25, 33, 31, 1, 23, 20, 29, 15, 38, 11, 8]]


#################

init = 1080.694
res = 841.541
gap = -898.644

solution = [[0, 26, 34, 37, 35, 2, 24, 17], [0, 10, 32, 22, 3, 7, 16, 5], [0, 21, 30, 13, 28, 27, 36, 6], [0, 8, 11, 38, 15, 29, 20, 23, 1, 31, 4], [0, 18, 9, 12, 33, 25, 19, 14]]


#################

init = 1114.391
res = 837.97
gap = -902.9

solution = [[0, 10, 32, 22, 3, 7, 16, 5], [0, 4, 18, 9, 12, 14], [0, 17, 24, 2, 35, 37, 34, 26], [0, 6, 36, 27, 28, 13, 30, 21], [0, 19, 25, 33, 31, 1, 23, 20, 29, 15, 38, 11, 8]]
