Time = 0.06407713890075684
Time = 0.06430506706237793
Time = 0.06764936447143555
Time = 0.06676316261291504
