Aretes fixées après apprentissage pour cette exécution
Fixed edges = [[0, 31, 23, 24, 26, 22, 0], [0, 25, 16, 30, 27, 0], [0, 12, 21, 0], [0, 11, 29, 0], [0, 9, 15, 0], [0, 4, 8, 0], [0, 1, 0], [0, 2, 0], [0, 3, 0], [0, 5, 0], [0, 6, 0], [0, 7, 0], [0, 10, 0], [0, 13, 0], [0, 14, 0], [0, 17, 0], [0, 18, 0], [0, 19, 0], [0, 20, 0], [0, 28, 0], [0, 32, 0]]
Time = 2.0870392322540283


#################

init = 783.415
res = 742.693
gap = 0.093

solution = [[0, 4, 8, 3, 9, 15, 20, 2, 5], [0, 21, 12, 10], [0, 13, 6, 18, 1, 14], [0, 7, 19, 29, 11, 17], [0, 22, 26, 24, 23, 31], [0, 32, 25, 16, 30, 27, 28]]
Execution = 830.5478734970093
